Human data 1:
Maze 1: (6, 7), (5, 7), (0, 10), (2, 5), (4, 2), (1, 0)
Maze 2: (2, 12), (5, 11)
Maze 3: (0, 11), (1, 3)
Maze 4: (6, 0), (2, 1), (1, 11), (4, 9)
Maze 5: (0, 1), (5, 2), (5, 3), (4, 5)
Maze 6: (0, 6), (1, 10), (4, 11), (5, 8)
Maze 7: (6, 0), (2, 6)
Maze 8: (6, 12), (4, 8), (3, 10), (0, 11)

Human data 2:
Maze 1: (6, 7), (5, 7), (0, 10), (2, 5), (4, 2), (1, 0)
Maze 2: (2, 12), (5, 11)
Maze 3: (0, 11), (1, 3)
Maze 4: (6, 0), (2, 1), (1, 11), (4, 9)
Maze 5: (0, 1), (5, 2), (5, 3), (4, 5)
Maze 6: (0, 6), (1, 10), (4, 11), (5, 8)
Maze 7: (6, 0), (1, 1), (2, 12), (6, 5), (2, 6)
Maze 8: (6, 12), (3, 10), (0, 10)

Human data 3:
Maze 1: (6, 7), (5, 7) (0, 10), (2, 5), (4, 2), (1, 0)
Maze 2: (2, 12), (5, 11)
Maze 3: (0, 11), (1, 3)
Maze 4: (6, 0), (2, 1), (4, 9)
Maze 5: (0, 1), (5, 2), (5, 3), (4, 5)
Maze 6: (0, 6), (1, 10), (4, 11), (5, 8)
Maze 7: (6, 0), (1, 1), (2, 6)
Maze 8: (6, 12), (4, 8), (3, 10), (0, 10)

Human data 4: 
Maze 1: (6, 7), (5, 7), (2, 5), (0, 10), (4, 2), (1, 0)
Maze 2: (2, 12), (5, 11)
Maze 3: (0, 11), (5, 3), (1,3)
Maze 4: (6, 0), (4, 9)
Maze 5: (0, 1), (5, 2), (5, 3), (4, 5)
Maze 6: (0, 6), (1, 10), (5, 8)
Maze 7: (6, 0), ((6, 2)
Maze 8: (6, 12), (3, 10), (0, 10)

Human data 5: 
Maze 1: (6, 7), (5, 7), (0, 10), (2, 5), (4, 2), (1, 0)
Maze 2: (2, 12), (5, 11)
Maze 3: (0, 11), (1, 3)
Maze 4: (6, 0), (2, 1), (4, 8)
Maze 5: (0, 1), (5, 2), (5, 3), (4, 5)
Maze 6: (0, 6), (1, 2), (5, 2), (5, 8)
Maze 7: (6, 0), (2, 6)
Maze 8: (6, 12), (4, 8), (3, 10), (0, 10)

Human data 6: 
Maze 1: (6, 7), (5, 7) (0, 10), (2, 5), (4, 2), (1, 0)
Maze 2: (2, 12), (5, 11)
Maze 3: (0, 11), (1, 3)
Maze 4: (6, 0), (2, 1), (1, 11), (4, 9)
Maze 5: (0, 1), (5, 2), (5, 3), (4, 5)
Maze 6: (0, 6), (1, 10), (4, 11), (5, 8)
Maze 7: (6, 0), (1, 1), (2, 6)
Maze 8: (6, 12), (4, 8), (3, 10), (0, 10)